123456789578139624496872153952381467641297835387564291719623548864915372235748916
123456789578913624469728351245361897816297435937845216351672948792184563684539172
123456789749813562856297134287369415465128397391574826538642971674981253912735648
123456789489237165765891324852379641634128597971645832596784213348512976217963458
123456789876139524549827361365798412481265937792314856957682143214573698638941275
123456789496738215758192346974215863231687594685349127567824931819563472342971658
123456789647982135958137426214675893576398241839241567395814672782563914461729358
123456789865397412947812365782145936634289571519763248358971624291634857476528193
123456789967318254854792163475283691389641572216975438731864925592137846648529317
123456789794381265586279134251638947937142856648795321862517493319864572475923618
123456789987132456456879312712584693398621547564793821279348165831265974645917238
123456789487329156569817234795231648618945327342768915236574891851693472974182563
123456789475398126896721435561283974249675318387149652652917843738564291914832567
123456789985173264764892531851234976237961458649587312478625193516349827392718645
123456789498732165756198243587621934342879516619345827274583691931267458865914372
123456789947138265586279341439765128251984637768321594615892473394617852872543916
123456789694783215785912364842639571936571428517824693361248957479165832258397146
123456789578932416946781253435268971619574832287319645764193528851627394392845167
123456789459817326876329145691734258345682971782591463234968517918275634567143892
123456789589137246647298315712864593936521478458973162264785931375619824891342657
123456789576983241498271356245398167731624598689517432312865974964732815857149623
123456789596782341784931256652193874941578632378624195835269417217345968469817523
123456789468719325975283641592147836841632957637895214786521493259364178314978562
123456789975183624486729351854632917761894532392571846247368195539217468618945273
123456789794138562586729143358261974472895631961374825239587416647912358815643297
123456789765389124849271356358762491914538672276194538581627943432915867697843215
123456789964378152587129364456832917831794526279561438312647895795283641648915273
123456789758139642469872135541798263637524918982613457316287594295341876874965321
123456789657918423849273156518392674762541398394867512971624835435789261286135947
123456789654879132879231564432567891718392456965148327291783645347625918586914273
123456789956187324784923165571832946462795831839641257245319678317568492698274513
123456789468971532795283164836547921514692873972318645657124398349865217281739456
123456789675189342489327165791832654562914873834765921258693417946271538317548296
123456789945378162768129534472815693631794258859632471386247915297581346514963827
123456789687239154945178263418795326352681497769342518876513942594827631231964875
123456789795128634468973152571632498289714365634589271852361947347295816916847523
123456789569837241874129563281795436957364128346218957735982614698541372412673895
123456789974281653865397412736925148491873526582164937357648291248719365619532874
123456789658379421479182365582731694914265873736894512397518246841623957265947138
123456789857192346469378125591237864784619253236584971648921537312745698975863412
123456789845793126697218453216947538978531642534682917761324895389175264452869371
123456789654798123879321564397812645581643972246579318435267891962185437718934256
123456789547928136869173542495361827672589314381247965916734258234895671758612493
123456789849712635765938124276394851951867342438521967584173296312649578697285413
123456789759382416684197532847915263591623874236874195415769328972538641368241957
123456789869721534745839216437165928592384671618972453986217345374598162251643897
123456789958137246476892153519678432784213695632945871891364527345721968267589314
123456789985712634746389125831294567654871293279563418518927346392645871467138952
123456789586973421479821365742395816615248937398617254264589173931762548857134692
123456789497823516658719432386571294571294368249368157964137825732985641815642973
123456789894721356765839412437265891986174523251398674642987135318542967579613248
123456789758193246469278315514789632697324158832561974346812597985637421271945863
123456789657829143894173256941362875235718964768594321516987432472631598389245617
123456789489371562576982134791645328862793415345128697237569841658214973914837256
123456789965783214748129563619345827237861495854297631491678352376512948582934176
123456789684972351795138426856794132219365847437281695578649213962813574341527968
123456789578192463649873152897345216231687945456921378982764531364519827715238694
123456789597218463468973215245691378389745126716382954854137692972564831631829547
123456789576839142489127365358962417291374658647518293735691824914283576862745931
123456789869731452475928163512894637684273915937165824758319246391642578246587391
123456789457982316698137425976213548842765931531849267785624193219378654364591872
123456789475298316986731524361972458249815637857643192632184975598367241714529863
123456789768931425459287316294318657371562948685794132847129563936845271512673894
123456789897312564465978321714563892639287145582194637941635278358729416276841953
123456789467982153859173426231594867578631942946728315792845631685317294314269578
123456789475198326698732145981564273267381954534927861316875492859243617742619538
123456789659783214784219635931572846472168953865934172547621398298347561316895427
123456789548972136697318254879125463254763918316849572485691327962537841731284695
123456789458297163697813452376924518514738296289165374841672935932581647765349821
123456789698173425574829316257638194381947652469512873936785241812394567745261938
123456789498137625765892143349718256657249831812563974576321498231984567984675312
123456789547839621968721435715643298286197543394285176471968352852314967639572814
123456789476981532895237461648395217751628943239174856387569124912843675564712398
123456789867129435495837261736285914249713856581964372612398547978541623354672198
123456789968127543745938261291863475857241396436579128372695814614382957589714632
123456789975381462486729135638297541547613928291845376354962817712538694869174253
123456789769831425458279316875923641634715298912684537387162954246598173591347862
123456789876391452945782136359827641764915328281634597438169275517248963692573814
123456789856179423497238156789312645512647398634985217941563872268794531375821964
123456789746829135859317246384275961912648573567193428695734812278561394431982657
123456789546987321978213546239861475714539268685742193367194852892375614451628937
123456789498327651576981432687193524951842367234675198349768215815234976762519843
123456789645798312978321465319642578782539146564817293451963827297185634836274951
123456789594871326867293154346528917951637248782149563238914675675382491419765832
123456789865793241479182635746321958591648327382975416638219574257864193914537862
123456789597128364486739152851693427279841536634275918342587691968314275715962843
123456789865729134479813256291368547357294861648175923986531472714682395532947618
123456789758219346649873152532784961416392578987561423371625894864937215295148637
123456789954817326786392514231549678479628135865731492647983251518274963392165847
123456789685179342497283561536812974274395618918647235351728496869534127742961853
123456789976831254584279136395724861768915423241683597659142378437568912812397645
123456789689127453574938216368219574915674328247583961856392147432761895791845632
123456789768329415549187632854691273297543861316872594681235947472918356935764128
123456789785391246649827351958243167367918425214765893491672538536184972872539614
123456789485972316967381542549168273736245891812793465294517638378629154651834927
123456789978132546654789312291374865385691274467825193546217938732948651819563427
123456789764982531895731264247319658586274193931865427372648915618597342459123876
123456789698721354745893216359147862876532941412689573531268497287914635964375128
123456789869372154547981632632598471975614328418723596756849213294135867381267945
123456789946782153578391426852974361634215978719863245381627594467539812295148637
