370000001000700005408061090000010000050090460086002030000000000694005203800149500
000689100800000029150000008403000050200005000090240801084700910500000060060410000
030500804504200010008009000790806103000005400050000007800000702000704600610300500
000013800807000020004090007030000050002340008070006004109027006080100005003800012
400000020063407100500083060008000940030900008600802030000700504005000000807510200
102030000000800904800609035305080740010070002000200300043702006600001200000000007
206000005300000060000627010007230150004060000002900870600071090080050640003000001
000803007009000300706090850020000080070600000400082579040031200502000060003020005
708000309309180200000700008270600001000200803800010000005006000100307650037000002
010003450000040002680500009070021960360000000000086730000000040023060801800059000
010000300000300051308146009900000000280050704000602900600400000000003107107805090
050046010470010890000008020001003000300000068200079030009800003160007580700100000
730000000200106400000080079000005006007001250615807003502000004080069000000400087
005007000410980037000000081001650002040020900070040006030590008000073000058000074
800040000006009040500780102903000500200038004000050290000005400050004020410200760
900002006700009500040006008004061070037000000060230401000500084803020000025008009
010004000700890051089007030070000360008540290050006000000709800040060510890000000
006001000020009810090400075300017680200050001600000050501002000800000590900075003
020807035009001006700600000360905800000004320900000000095400008001208000400006510
000004000100803907908200005807030200501009008000040500000102000000007100612300870
300500427025300008000200000600001309080600200007400000069002004008065700050000910
307402800504000036000006200103200000000500608006700300000000920005620000830900064
000304500006009070380006400510902064400000700000070000030100000600090341098003050
100060050800230009006900040000002730302005006070040200500023100700004008080070500
000050079090010503580700000002009700900670000006040032028000304047500000000084007
014002000080096210500000083409070060000050030600008700007130500005020000840000320
068053007090740260040000000432670009006000430000900000000500703300000000019062050
900125003008090005005000100500680700400001600060200009004002900010030020209004010
005103020080000900100020500000000200927346810000700006049070302800060000050400100
400001009100040008600082010000020600205300800807009005001060050500097034900003000
000000400104829073300400000690000030003900704500083006920600000001007005000100908
000049027230060000054020003040200060060001085008600000000000106096012050010900800
085200070006870000090000056801060500307001008000008020203649000600300001000000630
000070400300020000407010863000600100006504090052000080204800001000009008801007340
370000600000380100010500008705002000060075000040010975000200064804061000009050030
750060800200000900000480700000090083085000000097530010000000100023100645140806000
510032000300080100200000067000870012900050800078000009060000000851060094000710050
090040030436070100000100090800407359600800000300050000768300410200010900000200000
207005100000240000500000079062800000000700030709410028810376090003000701000000060
800054000570000806000008007030107000000500600180300759004019000950000170060070400
000000008300020900415790600100070060500800003700406009073001200000007000040039506
500200006940000301300407000810000600000031090007069004020108000060000050790300210
000001070008400002916800500120780304000006001600500000004903020030000095001004700
200000000006090070005340192304080760060070004500100000407005806009000001050420000
402000800008400010003620400000067520090000000807095006080002107210080000000900260
000000908060280000045900070000730800009020507207009001090002000008460010036000025
030070069005200700006098000800000090019740603004900000400030900600050820500002040
000103200100040060034002005060005800201009000000400510086020000000500380509078400
009080004008500003700006100005003000830421059400000070070600240140070006080010000
407008003010200090000706502100500009003064000005000036000070020974000805000609300
500060210401000000000801500002000051700002006009605000805400090900000072010938400
030006100700020008500710200360001802800200070001040000008007000040100009057090406
060004000902003064005620700001500090000302400430080200790401300020000900000009007
013900005090501004000070090087040010000607200200009530050006002800700009009005003
007000020630200450002038000000109007910020504005000100000000970870015000009340001
062000000035007092000206300090300700000004001170085006000402100700000520023510000
007061040006000750200500300920700006000000000050630098082150074010000000600080910
000390000005000260042600070200043601004018000300000708500160000069800050000050016
002600800073002001006400007000007005209305040035090006807000530000508004300006000
001000040846009502000470800000007020073050400005200001062508390007000068000001000
002000030610035002008020900700000010800600540160407000403080060056000008000260004
003609040900004060800000050002063400006045900007000080030090024609001000020406700
000130086840009020009000000064010007008200001000067009400800012700000060106043500
070060001060102000001000896000300680087420000050080007012000300035607010000200004
807009500400000020020604300000001090041200006009700100090030080150980640030000900
008160070017000360000074009043800901080000500000402000200087053300009000806000200
100036040200100090900000130089007360600090005000008010803021050000603400002000600
007200601300074095200050000800000700700030012020706000408120009100000003000085040
060001000003002009050030021032005000170940280000000005000594008087060100500000032
104200000000003781300006000800014200450007090007020350003000000200300600700480905
080045006500000000079600305210906400000000023040820500000090000420000059007450100
100060430003904010700000000372010500600047000000005206800001060240830000900000043
000390002020000013019200000760010025000040030045003000200109500800700300501000208
000005060080700000540903708003800070001030002600091003000070680320068400700000020
100000300804901005030002908605800140080500002000090080200610000006200801900000400
600900057000007040072508060080000014200013000005060078719006030000004009000050001
600050001190020008300060700809005000200000650700049020080006072907500100006001000
009001002087030600010720500072506901900003000000000360100007400006000030003210080
070500140005000806104078000030084207200065000008000005300020081001800000700003060
053700040040000072020013500400052090800070006090000100300200000060100000570300918
400003609008015000005006800041902300800000070000600095000209004050000900902004081
000100040806090100490200700000009076000020400534600800000904200000008503957000080
005003900600104070030800040000780000086500300027000108079000000002306704000078030
065009300900000000000805016036000809700308400004910020500000100008093700020070030
003200000605080270000001503800630057004009000007000020009800012180007000500096030
360000008000000200700524609000065000080007002905001063830970045070003090000008000
090002105800000020340605000000027000006050908970300010053068009000070300009000201
008000020029480306000002000090530200002100007804000059903005740100600000200300080
009008700016403205000100000002800500060900470098010000050200093021650007000300000
009100040600700980002600000050006403864200007000500020900305000000000069437002100
004200090050070004020100080940000000008000260010896070301500900000308001507040800
700001000000600040256009781010290500080000000007050609003184000160007000000000135
970030000006090327000807000053009008100050093000610050000000000680001000200580139
000007046319600780070302000060000001020750030004100200980560400000000009005004100
000003075758002900090005000130020750070400800800900000000000400483570092600200000
000007008068002400700080093005008020300500000091006085000060002800070004950040801
005927830079000010200600000020000503050004001900053000600000409702109006000400080
600005020927680050000004006006031900038050002010000300000007090760009200004800010
360208000200000043000001007000150006009000030015400089004000308900730012150600000
081350690070004002000200000300400960700500000009030005807000009003790106500080200
